37 58
0 10.7
1 15.4
2 13.9
3 16.1
4 15.6
5 16.6
6 16.6
7 11.7
8 16.0
9 13.8
10 12.6
11 14.4
12 15.4
13 11.2
14 15.1
15 12.6
17 16.8
18 10.5
19 18.7
20 10.4
21 16.3
22 12.7
24 11.4
25 11.5
26 16.7
27 13.5
28 14.1
29 11.1
30 14.5
31 15.0
32 14.13
33 9.6
34 12.5
35 11.8
36 12.8
37 14.9
38 14.0
0 1
0 7
1 2
1 8
2 3
2 9
3 4
3 10
4 5
4 11
5 6
5 12
6 13
7 8
7 14
8 9
8 15
9 10
10 11
10 17
11 12
11 18
12 13
12 19
13 20
14 15
14 21
15 22
17 18
17 24
18 19
18 25
19 20
19 26
20 27
21 22
21 28
22 29
24 25
24 31
25 26
25 32
26 27
26 33
27 34
28 29
28 35
29 30
29 36
30 31
30 37
31 32
31 38
32 33
33 34
35 36
36 37
37 38
