42 71
0 16.0
1 14.5
2 14.9
3 12.2
4 12.3
5 16.7
6 9.7
7 16.5
8 17.0
9 16.1
10 10.0
11 13.4
12 17.4
13 16.8
14 13.0
15 18.4
16 17.5
17 10.1
18 18.2
19 12.9
20 14.4
21 16.6
22 10.1
23 15.0
24 13.9
25 12.3
26 15.3
27 15.5
28 12.0
29 12.1
30 17.2
31 17.1
32 15.0
33 18.6
34 17.9
35 11.7
36 15.9
37 18.5
38 11.8
39 14.5
40 10.6
41 18.7
0 1
0 7
1 2
1 8
2 3
2 9
3 4
3 10
4 5
4 11
5 6
5 12
6 13
7 8
7 14
8 9
8 15
9 10
9 16
10 11
10 17
11 12
11 18
12 13
12 19
13 20
14 15
14 21
15 16
15 22
16 17
16 23
17 18
17 24
18 19
18 25
19 20
19 26
20 27
21 22
21 28
22 23
22 29
23 24
23 30
24 25
24 31
25 26
25 32
26 27
26 33
27 34
28 29
28 35
29 30
29 36
30 31
30 37
31 32
31 38
32 33
32 39
33 34
33 40
34 41
35 36
36 37
37 38
38 39
39 40
40 41
